# computed with https://github.com/rafl/oeis-A007082
1 2
2 264
3 129976320
4 911520057021235200
5 257326999238092967427785160130560
6 6705710151431658873046319662156165939200000000000000
7 32132958735643556926111996291480203406145819659840760945049600000000000000000
8 51012933698655283145408351680960429365173372698217144431303566486177060402127366218842112000000000000000000
9 44842815347960832064578542223380588377386340180291979087794186899583874659938994049683364670907453944619732650991659515904000000000000000000000
10 34416815333011609042012425144376344545574013269989198848474115651943428107904409787186213303859141763459403579971045089758147369804169310998933408084630277665587200000000000000000000000
11 34717178778249694835746125864908987614690023971698620671631773174679326911331355492541494370502468125783913514304313770524935663997383925323286551344307544378089553051462286873083248640000000000000000000000000000000000000000000000000
12 66712745865748695944509890043562379934997845232608257625452141489639895760359840555238703356043178809165982051381459603932586986739085771210148523140601533189988308761892092187157433398944188927972258428877205367390347061657614680064000000000000000000000000000000000000000000000000000000
13 343004665841136474291958510830856766849442384895879199696610204509116268551951030089525227779080597048213168507675851414870551113892808575148413310112829962954200199527780160030212474839237519977768034717531032012865838372044061527610031468530622745781016499807247334573794965049579194338508800000000000000000000000000000000000000000000000000000000
14 6453947840135517048702155853040624171467474043758305187765565092866977175237253685322785282986766190121140361973082267519968574152661575452103114139802373926536759998508804647795569605970082716407004740905939885631889098879848286535967116103472582677236607299650124505419998552026355834595579601215434930518476380663201300078072999203791894215653746278400000000000000000000000000000000000000000000000000000000000000
15 594199380008638280029721054627519348716612619206199598889745195091410793517635843690329538554022280291682336766883449509189650199413225755248043828220669410224950909455023780587194815172093280943477256451245745010719543640687692901045820364870480751118039229136326418833125219428616246855425529507855799992156863515611917903300565754458357139484396586384814156207061875460174961749752288830696901209508783892944852160505446400000000000000000000000000000000000000000000000000000000000000000
16 350944408450435784906287215693478739226120372942621418090840519101620595924430669377571123975298921331665062214801448669565380228734757185863492156165456285583528084718773632550742647695464539264961741991488267323912558816472390958840197963052340665846783136078314226824708974478186317104064592349848516630000336210120856286553192879304637443015184929208119812062599335041696354958353127573367801507785136540757362423776416203616843199189541393532006800755273519595520000000000000000000000000000000000000000000000000000000000000000000000000000000000000000000000000000000
17 1713609663618304130596188812040175876789708869498873971260674405400088147758910087632422321069304407636051585726756239254216341979780534143159499013619718976749689276058636269149353877308366967180590065977577276023101941900013998120347291653039060645549928488486569173146667271299315379590121194812159073395099307996953291943276050426570791612890942201402821360056989854969069841107070208275707030353140487366438759045451227563614758622701783088998309720653096326738483191109728237938586120508282323420586220470870328667767408529605007666705334272000000000000000000000000000000000000000000000000000000000000000000000000000000000000000000000000000000000000000
18 87812755942785944160471344447678059201396811084421860122055148437293221172835494947267646072722885796353330688482678017427318981999501681816681476548793801172646416871669516509303838977524921025266332748301318260353596451509144794940924771860094688218509344695793343353077873191176178193215301739794896212133024377568861649924717784935926736035046772063391649814747814616380811486413478178808753469929503609695179242584972828759324794841726290599762231104549597379616702214481324855243413777098984484384264489317642195324634065613485411609381783598520537446847071526271878152299073240726692040681197582747237528640597109715663826267930624000000000000000000000000000000000000000000000000000000000000000000000000000000000000000000000000000000000000000000
19 59149920121876276229569150256121546525557939540337353562152723743431566446603718760110064319705024115784447205713330992930001432046840383510136216515982072882674872258039843768130450517076035023543519745925142902421316314913547579989220614974523982183145659640699182004895666095683367617823385875869635499993977023122260541512856047752833767221274691128252611471564126678265757672139223144908110119091468364984626562272701971307062861296612803370363811035736784960184291497509761717726437600032456518315134432454259158630168948260809714479942346476855372913276966376867080419142717718532750823251127288708031307936726955263601178985586073866779565469262960908837460252827725573568972842518762809009043867473543230158400287871514705920000000000000000000000000000000000000000000000000000000000000000000000000000000000000000000000000000000000000000000000000
