# computed with https://github.com/rafl/oeis-A007082
1 12
2 126720
3 7959229931520
4 10752728122249860612096000
5 829276462388385539562198269952000000000000
6 7969891788752886799729592752113502210704733844275200000000000000
7 18306383771271364475276585375748692499524930312437317320546133915243380736000000000000000000
8 17575249933519990986602593179063406039668497893375802167452223414501477137965754850051848223702688861257728000000000000000000
9 11509438886236283459961500171974616664014535799617573960514099282910534503564765590421072291116615782646050806711454147458631492607062719856640000000000000000000000
10 7950284341925681688704870208350935590027597065367504933997520715598931892925918660840015273191461747359122226973311415734132042424763110840753617267549594140750643200000000000000000000000000000000000000000000
11 8579960067438058121115529098400777809474593823465912795597060347470665939078516608653498267536405769111041846630562757475442065442236166966658570938084532279956101127697425797453130090440267517916375884329123840000000000000000000000000000000000000000000000000
12 20683466561971466440373988585951575193973642119671314767304617182439307505329728374890497788150790114108910301279299011539622156250110872294986201726102161859177067257342964210097469305924860991722253387364485326935351096061608189511757454925374397777566079385600000000000000000000000000000000000000000000000000000000
13 154618814764012125842834217194951449544227399986353585975173558271951056242386631174058071683250329996750790270500746210932935757365625306738003466846103883344050539695985222906082123397155613832338331054038430160270056433831457098977169595589613417603049069153179621407441697429938113878523338715414031627430473469713501388800000000000000000000000000000000000000000000000000000000
14 4853195014593324729056594021109372762413606051568927773187931811661981609536779135227597994446960151710110824343694368935963574102275350932934940078748059912462909998101535908513404736137026015011228452345054496362068205194192265509812758703064751179319757773288248678756019208758181889113072331381408261092509074160313075985666494368017344577046690619827862212490098617030440230884212736000000000000000000000000000000000000000000000000000000000000000
15 847701402210614730464142378551252071540830763696067642454810034760457436694586715069784079769963775362671478219774770531575436727687348194917801714318905189623001668248104504853143626738136486041330665978558624755991641205761518518613932783083003873082044947605333768092331734747437200484345217328091220415026132529665067456382649887066224330323052552301960877063309818753182874740088496074704561559429349187640389500347360284246016000000000000000000000000000000000000000000000000000000000000000000000000000000000000000000000000
16 1071915661031481592799910698085538564032622707641166452202440660349486172907100552966371065111214188425580610416311417274763296223766557663079921188643261519825836878953505455150055728004816206585988233461951325639403830191092574978822498849703364034768995034316821610621796674817493254221220579119599931303966227752541641525975789458986712677942216483411522820723539617236642821964838321757656288147820040075940651317482510615430820028301144696027240128569720785178007482822529358792763915252847130417687429120000000000000000000000000000000000000000000000000000000000000000000000000000000000000000000000000000000
17 12559278770783120212476364460802921424690580722367546935993398278655835801159446533116452426945332490035225992413402212487599892716450634054166546788918354938860789468411861472241776181539541140859339861301685842565927130061342301680654422548109587599325034791226356363792273795619586191465833039630775035707480241799612959013319909064069067532163340608030655798591570700323966927863313759062147626404150986484663427982285559821007773981919959782135781600574581054612199707857892543620972664026294208951943784264065889616595215681252434307060206802072857557496422741007804490070408403856916480000000000000000000000000000000000000000000000000000000000000000000000000000000000000000000000000000000000000000
18 1720266060925449213903331590328402710514451646423026402265983390900382178444694517354861269922078428408213777354963198937549343995068829762482888348826666857999735623130876348406793817974608573524108131412863674394827341572272139496595424324656776868291879692490125954778300474428576993456246075283867995167164087304140683667102872602370040946060631567548857179216572979077064660693364585599774266187655933704114851893437582221155698169929430667674319939235775505541840327428804353484974607846631591271351406740281547287199705645870450683478748160224598577115922074123364883883156851884312639190482675305565310977830605631532419875280366019576619849096979109684379718391717839945120874496000000000000000000000000000000000000000000000000000000000000000000000000000000000000000000000000000000000000000000
19 3431146031992666519767022676357324545630648997847596481988473020940263901757338622367341933701478498320232234900553483547202032451313096090198158234975190831657492554532858737434417905629557728732568050059505961620021200727776725108832781835725541154372317739893342587348238566085324538256100221117205349525851112071794378824686099525559116637952807416533400526711527029756542239463661115575588936774676251048894366409611939173260793489976984552203650415250288194918065583688649733829716118710997889537092722346205993076355775599599250348368926419011899830782147825527175607246883079055889804612524067962288719353764701821088459160972526199177850899430026083041509527876081819981691361830765749921780646421832352670544413378413098403683869859652860269254533517041497646399085336749670400000000000000000000000000000000000000000000000000000000000000000000000000000000000000000000000000000000000000000000000000
