# computed with https://github.com/rafl/oeis-A007082
1 1
2 132
3 64988160
4 455760028510617600
5 128663499619046483713892580065280
6 3352855075715829436523159831078082969600000000000000
7 16066479367821778463055998145740101703072909829920380472524800000000000000000
8 25506466849327641572704175840480214682586686349108572215651783243088530201063683109421056000000000000000000
9 22421407673980416032289271111690294188693170090145989543897093449791937329969497024841682335453726972309866325495829757952000000000000000000000
10 17208407666505804521006212572188172272787006634994599424237057825971714053952204893593106651929570881729701789985522544879073684902084655499466704042315138832793600000000000000000000000
11 17358589389124847417873062932454493807345011985849310335815886587339663455665677746270747185251234062891956757152156885262467831998691962661643275672153772189044776525731143436541624320000000000000000000000000000000000000000000000000
12 33356372932874347972254945021781189967498922616304128812726070744819947880179920277619351678021589404582991025690729801966293493369542885605074261570300766594994154380946046093578716699472094463986129214438602683695173530828807340032000000000000000000000000000000000000000000000000000000
13 171502332920568237145979255415428383424721192447939599848305102254558134275975515044762613889540298524106584253837925707435275556946404287574206655056414981477100099763890080015106237419618759988884017358765516006432919186022030763805015734265311372890508249903623667286897482524789597169254400000000000000000000000000000000000000000000000000000000
14 3226973920067758524351077926520312085733737021879152593882782546433488587618626842661392641493383095060570180986541133759984287076330787726051557069901186963268379999254402323897784802985041358203502370452969942815944549439924143267983558051736291338618303649825062252709999276013177917297789800607717465259238190331600650039036499601895947107826873139200000000000000000000000000000000000000000000000000000000000000
15 297099690004319140014860527313759674358306309603099799444872597545705396758817921845164769277011140145841168383441724754594825099706612877624021914110334705112475454727511890293597407586046640471738628225622872505359771820343846450522910182435240375559019614568163209416562609714308123427712764753927899996078431757805958951650282877229178569742198293192407078103530937730087480874876144415348450604754391946472426080252723200000000000000000000000000000000000000000000000000000000000000000
16 175472204225217892453143607846739369613060186471310709045420259550810297962215334688785561987649460665832531107400724334782690114367378592931746078082728142791764042359386816275371323847732269632480870995744133661956279408236195479420098981526170332923391568039157113412354487239093158552032296174924258315000168105060428143276596439652318721507592464604059906031299667520848177479176563786683900753892568270378681211888208101808421599594770696766003400377636759797760000000000000000000000000000000000000000000000000000000000000000000000000000000000000000000000000000000
17 856804831809152065298094406020087938394854434749436985630337202700044073879455043816211160534652203818025792863378119627108170989890267071579749506809859488374844638029318134574676938654183483590295032988788638011550970950006999060173645826519530322774964244243284586573333635649657689795060597406079536697549653998476645971638025213285395806445471100701410680028494927484534920553535104137853515176570243683219379522725613781807379311350891544499154860326548163369241595554864118969293060254141161710293110235435164333883704264802503833352667136000000000000000000000000000000000000000000000000000000000000000000000000000000000000000000000000000000000000000
18 43906377971392972080235672223839029600698405542210930061027574218646610586417747473633823036361442898176665344241339008713659490999750840908340738274396900586323208435834758254651919488762460512633166374150659130176798225754572397470462385930047344109254672347896671676538936595588089096607650869897448106066512188784430824962358892467963368017523386031695824907373907308190405743206739089404376734964751804847589621292486414379662397420863145299881115552274798689808351107240662427621706888549492242192132244658821097662317032806742705804690891799260268723423535763135939076149536620363346020340598791373618764320298554857831913133965312000000000000000000000000000000000000000000000000000000000000000000000000000000000000000000000000000000000000000000
19 29574960060938138114784575128060773262778969770168676781076361871715783223301859380055032159852512057892223602856665496465000716023420191755068108257991036441337436129019921884065225258538017511771759872962571451210658157456773789994610307487261991091572829820349591002447833047841683808911692937934817749996988511561130270756428023876416883610637345564126305735782063339132878836069611572454055059545734182492313281136350985653531430648306401685181905517868392480092145748754880858863218800016228259157567216227129579315084474130404857239971173238427686456638483188433540209571358859266375411625563644354015653968363477631800589492793036933389782734631480454418730126413862786784486421259381404504521933736771615079200143935757352960000000000000000000000000000000000000000000000000000000000000000000000000000000000000000000000000000000000000000000000000
